[{"id": 0, "img_name": "0000010806", "width": 1364, "height": 274, "position": [1206.5319999999995, 3374.6319999999987, 117.5223], "rotation": [[0.3477309999999999, 0.08818835, -0.9334380000000001], [0.9375869999999997, -0.036909759999999986, 0.34578899999999996], [-0.003958, -0.99542, -0.095518]], "fy": 552.554261, "fx": 552.554261}, {"id": 1, "img_name": "0000010807", "width": 1364, "height": 274, "position": [1205.8, 3374.9420000000005, 117.52409999999998], "rotation": [[0.349079, 0.08608859999999999, -0.93313], [0.937077, -0.038070019999999996, 0.34704299999999993], [-0.005648000000000005, -0.9955601, -0.09395999999999999]], "fy": 552.554261, "fx": 552.554261}, {"id": 2, "img_name": "0000010808", "width": 1364, "height": 274, "position": [1205.0550000000003, 3375.25, 117.5251], "rotation": [[0.3501270000000001, 0.08808436000000001, -0.932551], [0.9366910000000002, -0.037880529999999996, 0.34810299999999994], [-0.004663000000000003, -0.9953927000000001, -0.09577]], "fy": 552.554261, "fx": 552.554261}, {"id": 3, "img_name": "0000010809", "width": 1364, "height": 274, "position": [1204.3030000000003, 3375.5680000000007, 117.52649999999998], "rotation": [[0.35082300000000005, 0.08755609000000002, -0.9323390000000001], [0.9364210000000002, -0.03950190000000001, 0.34864900000000004], [-0.006303000000000003, -0.9953763, -0.09584700000000002]], "fy": 552.554261, "fx": 552.554261}, {"id": 4, "img_name": "0000010810", "width": 1364, "height": 274, "position": [1203.542, 3375.8819999999996, 117.5246], "rotation": [[0.3505569999999999, 0.09094931999999999, -0.9321150000000001], [0.9365319999999999, -0.03857436999999999, 0.348454], [-0.004264000000000003, -0.9951084, -0.09869899999999998]], "fy": 552.554261, "fx": 552.554261}, {"id": 5, "img_name": "0000010811", "width": 1364, "height": 274, "position": [1202.773, 3376.2000000000003, 117.52680000000001], "rotation": [[0.350896, 0.09132479, -0.93195], [0.9364079999999999, -0.03792099000000001, 0.348859], [-0.003480999999999997, -0.9950990999999999, -0.098823]], "fy": 552.554261, "fx": 552.554261}, {"id": 6, "img_name": "0000010812", "width": 1364, "height": 274, "position": [1201.996, 3376.5209999999997, 117.52549999999998], "rotation": [[0.35067499999999996, 0.09258751000000001, -0.9319090000000001], [0.936496, -0.03670414999999998, 0.34875399999999995], [-0.0019140000000000006, -0.995028, -0.099578]], "fy": 552.554261, "fx": 552.554261}, {"id": 7, "img_name": "0000010813", "width": 1364, "height": 274, "position": [1201.219, 3376.8569999999995, 117.52819999999996], "rotation": [[0.35071700000000006, 0.08907422000000001, -0.9322360000000001], [0.9364489999999999, -0.04178911, 0.348308], [-0.007932, -0.9951482000000001, -0.09806900000000002]], "fy": 552.554261, "fx": 552.554261}, {"id": 8, "img_name": "0000010814", "width": 1364, "height": 274, "position": [1200.426, 3377.187, 117.52790000000005], "rotation": [[0.349316, 0.08970372, -0.9327010000000001], [0.9369829999999999, -0.04031939999999999, 0.34704199999999996], [-0.006474999999999998, -0.9951522999999999, -0.09813399999999999]], "fy": 552.554261, "fx": 552.554261}, {"id": 9, "img_name": "0000010815", "width": 1364, "height": 274, "position": [1199.62, 3377.5119999999997, 117.52390000000001], "rotation": [[0.348447, 0.09382565, -0.9326199999999999], [0.937327, -0.03660328, 0.346523], [-0.0016239999999999978, -0.9949157999999999, -0.100699]], "fy": 552.554261, "fx": 552.554261}, {"id": 10, "img_name": "0000010816", "width": 1364, "height": 274, "position": [1198.81, 3377.8430000000003, 117.5243], "rotation": [[0.34703900000000004, 0.09409360000000001, -0.9331179999999999], [0.9378500000000001, -0.0364818, 0.34512000000000004], [-0.0015679999999999984, -0.9948948999999999, -0.100905]], "fy": 552.554261, "fx": 552.554261}, {"id": 11, "img_name": "0000010817", "width": 1364, "height": 274, "position": [1197.9970000000003, 3378.179, 117.52789999999999], "rotation": [[0.34559400000000007, 0.09229244000000002, -0.9338340000000002], [0.938383, -0.03587908, 0.34373099999999995], [-0.0017810000000000048, -0.9950855999999999, -0.09900399999999998]], "fy": 552.554261, "fx": 552.554261}, {"id": 12, "img_name": "0000010818", "width": 1364, "height": 274, "position": [1197.177, 3378.5129999999995, 117.52640000000001], "rotation": [[0.34516300000000005, 0.08940718000000002, -0.934274], [0.9385429999999999, -0.03366269999999999, 0.34351799999999993], [-0.0007370000000000006, -0.9954264000000002, -0.09553100000000002]], "fy": 552.554261, "fx": 552.554261}, {"id": 13, "img_name": "0000010819", "width": 1364, "height": 274, "position": [1196.344, 3378.8610000000003, 117.52430000000003], "rotation": [[0.3445320000000001, 0.0907298, -0.9343800000000001], [0.9387630000000001, -0.03829675, 0.34242999999999996], [-0.004714999999999998, -0.9951391, -0.098367]], "fy": 552.554261, "fx": 552.554261}, {"id": 14, "img_name": "0000010820", "width": 1364, "height": 274, "position": [1195.502, 3379.214, 117.52290000000002], "rotation": [[0.342833, 0.09457216000000002, -0.934624], [0.9393509999999999, -0.04437771, 0.340076], [-0.009314, -0.9945286, -0.10405000000000002]], "fy": 552.554261, "fx": 552.554261}, {"id": 15, "img_name": "0000010821", "width": 1364, "height": 274, "position": [1194.6649999999997, 3379.552, 117.5298], "rotation": [[0.341035, 0.09415248000000001, -0.9353229999999999], [0.940012, -0.043196250000000005, 0.338396], [-0.008541, -0.9946205000000002, -0.10323500000000001]], "fy": 552.554261, "fx": 552.554261}, {"id": 16, "img_name": "0000010822", "width": 1364, "height": 274, "position": [1193.836, 3379.887, 117.5369], "rotation": [[0.33961399999999997, 0.08581572, -0.9366420000000001], [0.9405229999999999, -0.04046043, 0.3373129999999999], [-0.008949999999999996, -0.9954893999999999, -0.09445200000000001]], "fy": 552.554261, "fx": 552.554261}, {"id": 17, "img_name": "0000010823", "width": 1364, "height": 274, "position": [1193.0040000000001, 3380.2190000000005, 117.54190000000001], "rotation": [[0.33835100000000007, 0.07852834999999998, -0.937737], [0.940989, -0.036336029999999984, 0.336481], [-0.0076499999999999945, -0.9962497, -0.08618800000000001]], "fy": 552.554261, "fx": 552.554261}, {"id": 18, "img_name": "0000010824", "width": 1364, "height": 274, "position": [1192.1549999999995, 3380.554999999999, 117.55000000000001], "rotation": [[0.33798499999999987, 0.08257778, -0.9375220000000001], [0.9411369999999999, -0.03535255999999999, 0.3361739999999999], [-0.005382999999999998, -0.9959576000000001, -0.08966500000000002]], "fy": 552.554261, "fx": 552.554261}, {"id": 19, "img_name": "0000010825", "width": 1364, "height": 274, "position": [1191.297, 3380.892, 117.55280000000002], "rotation": [[0.3369529999999999, 0.09208386000000003, -0.937007], [0.9415159999999999, -0.03636933, 0.335], [-0.003230000000000003, -0.9950871000000002, -0.09895200000000001]], "fy": 552.554261, "fx": 552.554261}, {"id": 20, "img_name": "0000010826", "width": 1364, "height": 274, "position": [1190.44, 3381.227, 117.55509999999998], "rotation": [[0.33580099999999996, 0.09753888999999999, -0.9368690000000001], [0.9419309999999999, -0.03705014999999999, 0.333758], [-0.002155999999999996, -0.9945420999999999, -0.10431599999999999]], "fy": 552.554261, "fx": 552.554261}, {"id": 21, "img_name": "0000010827", "width": 1364, "height": 274, "position": [1189.593, 3381.5680000000007, 117.5523], "rotation": [[0.33521699999999993, 0.09763427, -0.9370679999999999], [0.942122, -0.04119442, 0.3327320000000001], [-0.006115999999999999, -0.9943697000000001, -0.105792]], "fy": 552.554261, "fx": 552.554261}, {"id": 22, "img_name": "0000010828", "width": 1364, "height": 274, "position": [1188.745, 3381.91, 117.5481], "rotation": [[0.335092, 0.09661105, -0.9372189999999999], [0.9421490000000001, -0.043180510000000005, 0.33240300000000006], [-0.008355999999999999, -0.9943852999999999, -0.105491]], "fy": 552.554261, "fx": 552.554261}, {"id": 23, "img_name": "0000010829", "width": 1364, "height": 274, "position": [1187.897, 3382.254, 117.54790000000003], "rotation": [[0.33595499999999995, 0.0955204, -0.9370220000000001], [0.9418169999999999, -0.04538410999999998, 0.33304799999999996], [-0.010713000000000002, -0.9943925999999998, -0.105209]], "fy": 552.554261, "fx": 552.554261}, {"id": 24, "img_name": "0000010830", "width": 1364, "height": 274, "position": [1187.0470000000003, 3382.589, 117.5523], "rotation": [[0.335829, 0.09316450999999999, -0.937304], [0.9418929999999999, -0.041240570000000004, 0.333374], [-0.0075959999999999995, -0.9947965000000001, -0.10159999999999998]], "fy": 552.554261, "fx": 552.554261}, {"id": 25, "img_name": "0000010831", "width": 1364, "height": 274, "position": [1186.2, 3382.9220000000005, 117.55580000000002], "rotation": [[0.3357810000000001, 0.08842697000000001, -0.9377800000000001], [0.9419270000000001, -0.036855580000000006, 0.33379000000000003], [-0.005045999999999998, -0.9954008, -0.09566600000000003]], "fy": 552.554261, "fx": 552.554261}, {"id": 26, "img_name": "0000010832", "width": 1364, "height": 274, "position": [1185.3500000000004, 3383.2580000000003, 117.55699999999997], "rotation": [[0.3354940000000001, 0.08692603, -0.9380229999999998], [0.9420350000000002, -0.03510784000000001, 0.3336750000000001], [-0.0039270000000000025, -0.9955961999999999, -0.093665]], "fy": 552.554261, "fx": 552.554261}, {"id": 27, "img_name": "0000010833", "width": 1364, "height": 274, "position": [1184.4859999999999, 3383.5909999999994, 117.55860000000001], "rotation": [[0.335164, 0.09178074, -0.9376790000000002], [0.94216, -0.03276765, 0.333558], [-0.00011099999999999354, -0.9952401999999999, -0.097454]], "fy": 552.554261, "fx": 552.554261}, {"id": 28, "img_name": "0000010834", "width": 1364, "height": 274, "position": [1183.622, 3383.929, 117.56069999999998], "rotation": [[0.33555199999999996, 0.09783429, -0.9369270000000001], [0.942018, -0.031924009999999996, 0.334041], [0.0027699999999999934, -0.9946908000000001, -0.10287300000000002]], "fy": 552.554261, "fx": 552.554261}, {"id": 29, "img_name": "0000010835", "width": 1364, "height": 274, "position": [1182.763, 3384.2669999999994, 117.5615], "rotation": [[0.33620400000000006, 0.10032260000000003, -0.9364299999999999], [0.9417819999999999, -0.031800970000000005, 0.334718], [0.0038009999999999997, -0.9944468, -0.10517300000000003]], "fy": 552.554261, "fx": 552.554261}, {"id": 30, "img_name": "0000010836", "width": 1364, "height": 274, "position": [1181.91, 3384.611000000001, 117.56200000000005], "rotation": [[0.336944, 0.10012330000000001, -0.936186], [0.9415210000000002, -0.033018639999999995, 0.335333], [0.002663000000000011, -0.9944273000000001, -0.105393]], "fy": 552.554261, "fx": 552.554261}, {"id": 31, "img_name": "0000010837", "width": 1364, "height": 274, "position": [1181.0579999999998, 3384.9549999999995, 117.56010000000002], "rotation": [[0.3377919999999999, 0.09992118, -0.935902], [0.9412189999999999, -0.03379838, 0.336102], [0.0019520000000000054, -0.9944213999999999, -0.105464]], "fy": 552.554261, "fx": 552.554261}, {"id": 32, "img_name": "0000010838", "width": 1364, "height": 274, "position": [1180.209, 3385.2969999999996, 117.56239999999998], "rotation": [[0.33835500000000013, 0.09768615000000001, -0.935934], [0.9410190000000002, -0.034817650000000006, 0.33655900000000005], [0.0002900000000000009, -0.9946082999999999, -0.103704]], "fy": 552.554261, "fx": 552.554261}, {"id": 33, "img_name": "0000010839", "width": 1364, "height": 274, "position": [1179.3660000000002, 3385.6440000000002, 117.56820000000003], "rotation": [[0.338761, 0.09280288000000002, -0.9362840000000001], [0.9408690000000001, -0.03637819000000001, 0.33681400000000006], [-0.0028029999999999956, -0.9950200000000002, -0.09963800000000002]], "fy": 552.554261, "fx": 552.554261}, {"id": 34, "img_name": "0000010840", "width": 1364, "height": 274, "position": [1178.5150000000003, 3385.9880000000003, 117.56399999999996], "rotation": [[0.33910000000000007, 0.09415906, -0.9360259999999999], [0.9407470000000001, -0.03694906, 0.337093], [-0.0028450000000000038, -0.9948715, -0.10110800000000002]], "fy": 552.554261, "fx": 552.554261}, {"id": 35, "img_name": "0000010841", "width": 1364, "height": 274, "position": [1177.6549999999997, 3386.3269999999998, 117.5597], "rotation": [[0.339086, 0.1004122, -0.9353809999999999], [0.9407559999999999, -0.035331680000000004, 0.337241], [0.0008149999999999988, -0.9943186, -0.106443]], "fy": 552.554261, "fx": 552.554261}, {"id": 36, "img_name": "0000010842", "width": 1364, "height": 274, "position": [1176.7949999999996, 3386.6669999999995, 117.55380000000002], "rotation": [[0.338929, 0.10763110000000001, -0.934635], [0.940809, -0.036043900000000004, 0.337017], [0.0025860000000000037, -0.9935375000000001, -0.11347600000000001]], "fy": 552.554261, "fx": 552.554261}, {"id": 37, "img_name": "0000010843", "width": 1364, "height": 274, "position": [1175.949, 3387.0079999999994, 117.54840000000003], "rotation": [[0.3387990000000001, 0.10660350000000002, -0.9347999999999999], [0.9408550000000001, -0.03525406, 0.3369730000000001], [0.002967000000000006, -0.9936767, -0.11224200000000002]], "fy": 552.554261, "fx": 552.554261}, {"id": 38, "img_name": "0000010844", "width": 1364, "height": 274, "position": [1175.104, 3387.3449999999993, 117.54210000000003], "rotation": [[0.339472, 0.10468029999999999, -0.934773], [0.940602, -0.03215935000000001, 0.337987], [0.005319000000000004, -0.9939861000000001, -0.109379]], "fy": 552.554261, "fx": 552.554261}, {"id": 39, "img_name": "0000010845", "width": 1364, "height": 274, "position": [1174.2560000000005, 3387.6770000000006, 117.53440000000003], "rotation": [[0.33985000000000004, 0.1064821, -0.934432], [0.94043, -0.028255949999999988, 0.33881199999999995], [0.009674000000000006, -0.9939133000000002, -0.109741]], "fy": 552.554261, "fx": 552.554261}, {"id": 40, "img_name": "0000010846", "width": 1364, "height": 274, "position": [1173.4090000000003, 3388.0170000000003, 117.529], "rotation": [[0.340421, 0.10755950000000002, -0.9341009999999998], [0.940216, -0.027985429999999995, 0.33942700000000003], [0.010368000000000002, -0.9938049, -0.110655]], "fy": 552.554261, "fx": 552.554261}, {"id": 41, "img_name": "0000010847", "width": 1364, "height": 274, "position": [1172.568, 3388.3650000000002, 117.52510000000002], "rotation": [[0.3407000000000001, 0.10653340000000001, -0.9341170000000001], [0.9401470000000001, -0.03126605, 0.33933299999999994], [0.006945000000000007, -0.9938177000000001, -0.11080900000000002]], "fy": 552.554261, "fx": 552.554261}, {"id": 42, "img_name": "0000010848", "width": 1364, "height": 274, "position": [1171.7299999999998, 3388.71, 117.52299999999998], "rotation": [[0.3409709999999999, 0.1041013, -0.9342920000000001], [0.9400609999999998, -0.03244597999999999, 0.33946099999999996], [0.005024999999999999, -0.9940374999999998, -0.10892399999999999]], "fy": 552.554261, "fx": 552.554261}, {"id": 43, "img_name": "0000010849", "width": 1364, "height": 274, "position": [1170.8909999999996, 3389.050999999999, 117.51719999999995], "rotation": [[0.341423, 0.10312919999999998, -0.934235], [0.939894, -0.03167806, 0.339994], [0.00546899999999999, -0.9941636, -0.10774499999999998]], "fy": 552.554261, "fx": 552.554261}, {"id": 44, "img_name": "0000010850", "width": 1364, "height": 274, "position": [1170.048, 3389.393, 117.514], "rotation": [[0.3419059999999999, 0.1035988, -0.9340059999999999], [0.93972, -0.03206264999999999, 0.34044099999999994], [0.005323000000000001, -0.9941024999999998, -0.10831499999999997]], "fy": 552.554261, "fx": 552.554261}, {"id": 45, "img_name": "0000010851", "width": 1364, "height": 274, "position": [1169.2060000000001, 3389.737, 117.51070000000001], "rotation": [[0.342357, 0.10455400000000001, -0.933734], [0.939556, -0.03266079, 0.3408340000000001], [0.005139000000000002, -0.993983, -0.10941500000000001]], "fy": 552.554261, "fx": 552.554261}, {"id": 46, "img_name": "0000010852", "width": 1364, "height": 274, "position": [1168.367, 3390.08, 117.50759999999997], "rotation": [[0.343066, 0.1053316, -0.9333869999999997], [0.9392959999999999, -0.032672110000000004, 0.3415500000000001], [0.005480999999999999, -0.9939005000000001, -0.110145]], "fy": 552.554261, "fx": 552.554261}, {"id": 47, "img_name": "0000010853", "width": 1364, "height": 274, "position": [1167.5279999999998, 3390.4229999999993, 117.50120000000003], "rotation": [[0.34400000000000003, 0.10698450000000001, -0.932855], [0.9389520000000002, -0.033091520000000006, 0.342454], [0.005768000000000007, -0.9937101000000002, -0.11183600000000002]], "fy": 552.554261, "fx": 552.554261}, {"id": 48, "img_name": "0000010854", "width": 1364, "height": 274, "position": [1166.689, 3390.768, 117.49150000000003], "rotation": [[0.34482400000000013, 0.11000680000000002, -0.932199], [0.9386530000000003, -0.03484692000000001, 0.34309900000000004], [0.005259000000000009, -0.99332, -0.11527400000000003]], "fy": 552.554261, "fx": 552.554261}, {"id": 49, "img_name": "0000010855", "width": 1364, "height": 274, "position": [1165.8530000000005, 3391.1050000000005, 117.48650000000004], "rotation": [[0.3453000000000001, 0.11074090000000002, -0.9319359999999999], [0.9384600000000001, -0.03241477000000001, 0.34386600000000006], [0.007872000000000004, -0.9933208000000001, -0.11511800000000001]], "fy": 552.554261, "fx": 552.554261}, {"id": 50, "img_name": "0000010856", "width": 1364, "height": 274, "position": [1165.0250000000003, 3391.4430000000007, 117.48540000000004], "rotation": [[0.346214, 0.10605240000000003, -0.9321420000000001], [0.9381210000000001, -0.03052975000000001, 0.34496100000000013], [0.008126000000000008, -0.9938920000000002, -0.11005900000000002]], "fy": 552.554261, "fx": 552.554261}, {"id": 51, "img_name": "0000010857", "width": 1364, "height": 274, "position": [1164.2050000000004, 3391.784000000001, 117.47930000000002], "rotation": [[0.34647000000000006, 0.10045720000000001, -0.932666], [0.9380390000000001, -0.030165160000000007, 0.3452160000000001], [0.006546000000000002, -0.9944842, -0.104683]], "fy": 552.554261, "fx": 552.554261}, {"id": 52, "img_name": "0000010858", "width": 1364, "height": 274, "position": [1163.374, 3392.129, 117.475], "rotation": [[0.34714600000000007, 0.09915673000000001, -0.9325540000000002], [0.9377910000000002, -0.03005999, 0.34589899999999996], [0.006266000000000001, -0.9946179, -0.10342300000000001]], "fy": 552.554261, "fx": 552.554261}, {"id": 53, "img_name": "0000010859", "width": 1364, "height": 274, "position": [1162.5339999999999, 3392.477, 117.46870000000001], "rotation": [[0.34819800000000006, 0.1047259, -0.9315529999999999], [0.9373980000000001, -0.03183711, 0.34680300000000003], [0.006662, -0.9939916000000001, -0.109255]], "fy": 552.554261, "fx": 552.554261}, {"id": 54, "img_name": "0000010860", "width": 1364, "height": 274, "position": [1161.6939999999997, 3392.8249999999994, 117.46349999999997], "rotation": [[0.349306, 0.1082203, -0.9307379999999998], [0.93698, -0.032494369999999995, 0.34786999999999996], [0.007402999999999994, -0.9935960000000001, -0.11275]], "fy": 552.554261, "fx": 552.554261}, {"id": 55, "img_name": "0000010861", "width": 1364, "height": 274, "position": [1160.862, 3393.172, 117.45760000000001], "rotation": [[0.350509, 0.1073721, -0.930384], [0.936533, -0.03261853, 0.34906], [0.007132000000000004, -0.9936838999999998, -0.11199000000000002]], "fy": 552.554261, "fx": 552.554261}, {"id": 56, "img_name": "0000010862", "width": 1364, "height": 274, "position": [1160.0349999999999, 3393.5199999999995, 117.4518], "rotation": [[0.35152599999999995, 0.10444689999999998, -0.9303330000000001], [0.9361519999999999, -0.031729139999999996, 0.350162], [0.007054999999999997, -0.9940244, -0.10893100000000001]], "fy": 552.554261, "fx": 552.554261}, {"id": 57, "img_name": "0000010863", "width": 1364, "height": 274, "position": [1159.2069999999999, 3393.8689999999992, 117.4467], "rotation": [[0.35254999999999986, 0.10294880000000001, -0.9301129999999999], [0.9357669999999999, -0.031341919999999995, 0.3512239999999999], [0.0070069999999999985, -0.9941929999999999, -0.107385]], "fy": 552.554261, "fx": 552.554261}, {"id": 58, "img_name": "0000010864", "width": 1364, "height": 274, "position": [1158.3749999999998, 3394.2189999999996, 117.44229999999999], "rotation": [[0.353327, 0.10320039999999998, -0.9297900000000001], [0.9354760000000001, -0.03176107000000001, 0.351962], [0.006791999999999999, -0.9941536, -0.107763]], "fy": 552.554261, "fx": 552.554261}, {"id": 59, "img_name": "0000010865", "width": 1364, "height": 274, "position": [1157.543, 3394.5729999999994, 117.4396], "rotation": [[0.3537769999999999, 0.1034068, -0.9295959999999999], [0.9353179999999999, -0.03399473, 0.35217299999999996], [0.004816000000000002, -0.9940583, -0.10874399999999998]], "fy": 552.554261, "fx": 552.554261}, {"id": 60, "img_name": "0000010866", "width": 1364, "height": 274, "position": [1156.7109999999998, 3394.931, 117.434], "rotation": [[0.35378400000000004, 0.10398779999999999, -0.9295279999999999], [0.935326, -0.037482400000000006, 0.35179700000000014], [0.0017419999999999985, -0.9938722999999999, -0.11052199999999998]], "fy": 552.554261, "fx": 552.554261}, {"id": 61, "img_name": "0000010867", "width": 1364, "height": 274, "position": [1155.877, 3395.2939999999994, 117.4235], "rotation": [[0.353378, 0.10616540000000001, -0.9294369999999998], [0.9354769999999999, -0.043131609999999994, 0.3507469999999999], [-0.0028509999999999976, -0.9934128000000001, -0.11455600000000002]], "fy": 552.554261, "fx": 552.554261}, {"id": 62, "img_name": "0000010868", "width": 1364, "height": 274, "position": [1155.043, 3395.6519999999996, 117.41589999999997], "rotation": [[0.352733, 0.10638219999999998, -0.929657], [0.9357089999999998, -0.045851569999999994, 0.349783], [-0.005415000000000001, -0.9932677999999999, -0.115715]], "fy": 552.554261, "fx": 552.554261}, {"id": 63, "img_name": "0000010869", "width": 1364, "height": 274, "position": [1154.219, 3395.997, 117.41820000000001], "rotation": [[0.351712, 0.10070470000000001, -0.9306749999999999], [0.936099, -0.04231299999999999, 0.34918299999999997], [-0.004215000000000002, -0.9940164, -0.109151]], "fy": 552.554261, "fx": 552.554261}, {"id": 64, "img_name": "0000010870", "width": 1364, "height": 274, "position": [1153.397, 3396.3399999999997, 117.41729999999998], "rotation": [[0.350898, 0.09254182000000001, -0.9318290000000001], [0.936409, -0.037923620000000005, 0.348856], [-0.003054000000000001, -0.9949866, -0.09996399999999998]], "fy": 552.554261, "fx": 552.554261}, {"id": 65, "img_name": "0000010871", "width": 1364, "height": 274, "position": [1152.5659999999998, 3396.6819999999993, 117.41370000000005], "rotation": [[0.349759, 0.0894788, -0.9325559999999999], [0.9368399999999999, -0.0342057, 0.34808399999999995], [-0.0007519999999999936, -0.9954014, -0.09579]], "fy": 552.554261, "fx": 552.554261}, {"id": 66, "img_name": "0000010872", "width": 1364, "height": 274, "position": [1151.7219999999998, 3397.029, 117.41370000000003], "rotation": [[0.3487559999999999, 0.09412823, -0.932475], [0.9372139999999999, -0.03503883000000001, 0.346991], [-1.0999999999992127e-05, -0.9949435, -0.10043700000000001]], "fy": 552.554261, "fx": 552.554261}, {"id": 67, "img_name": "0000010873", "width": 1364, "height": 274, "position": [1150.8759999999997, 3397.3759999999993, 117.41300000000003], "rotation": [[0.34681399999999996, 0.09943411000000002, -0.9326479999999999], [0.9379339999999998, -0.03609867, 0.344931], [0.0006310000000000067, -0.9943893999999999, -0.105781]], "fy": 552.554261, "fx": 552.554261}, {"id": 68, "img_name": "0000010874", "width": 1364, "height": 274, "position": [1150.0319999999997, 3397.722, 117.40900000000005], "rotation": [[0.34448699999999993, 0.10135790000000003, -0.9333030000000001], [0.938791, -0.03618445000000001, 0.342583], [0.0009530000000000032, -0.9941920000000003, -0.10761800000000003]], "fy": 552.554261, "fx": 552.554261}, {"id": 69, "img_name": "0000010875", "width": 1364, "height": 274, "position": [1149.1860000000001, 3398.064, 117.40560000000005], "rotation": [[0.3417690000000001, 0.10184870000000001, -0.934249], [0.9397840000000001, -0.03605198999999999, 0.339864], [0.000933000000000008, -0.9941467, -0.108036]], "fy": 552.554261, "fx": 552.554261}, {"id": 70, "img_name": "0000010876", "width": 1364, "height": 274, "position": [1148.3369999999995, 3398.405999999999, 117.3994], "rotation": [[0.3391469999999999, 0.1025665, -0.9351250000000001], [0.9407339999999998, -0.03658550999999999, 0.33716799999999997], [0.0003700000000000034, -0.9940534, -0.108895]], "fy": 552.554261, "fx": 552.554261}, {"id": 71, "img_name": "0000010877", "width": 1364, "height": 274, "position": [1147.4849999999997, 3398.7459999999996, 117.394], "rotation": [[0.337039, 0.1041778, -0.9357089999999999], [0.94149, -0.03607062999999999, 0.33510499999999993], [0.0011590000000000016, -0.9939045999999999, -0.110239]], "fy": 552.554261, "fx": 552.554261}, {"id": 72, "img_name": "0000010878", "width": 1364, "height": 274, "position": [1146.6300000000006, 3399.0810000000006, 117.38799999999995], "rotation": [[0.3354810000000001, 0.10522289999999998, -0.9361520000000002], [0.9420429999999999, -0.03431037000000001, 0.33373500000000006], [0.0029969999999999906, -0.9938567999999999, -0.11063399999999998]], "fy": 552.554261, "fx": 552.554261}, {"id": 73, "img_name": "0000010879", "width": 1364, "height": 274, "position": [1145.774, 3399.417, 117.3817], "rotation": [[0.33491499999999996, 0.1061589, -0.9362490000000001], [0.9422369999999999, -0.03281247000000001, 0.333336], [0.004666, -0.9938079000000001, -0.111015]], "fy": 552.554261, "fx": 552.554261}, {"id": 74, "img_name": "0000010880", "width": 1364, "height": 274, "position": [1144.9169999999997, 3399.761, 117.37560000000002], "rotation": [[0.334506, 0.10571890000000002, -0.9364449999999999], [0.942389, -0.03422091, 0.332766], [0.003134000000000001, -0.9938073000000001, -0.111075]], "fy": 552.554261, "fx": 552.554261}, {"id": 75, "img_name": "0000010881", "width": 1364, "height": 274, "position": [1144.0620000000004, 3400.1030000000005, 117.37090000000002], "rotation": [[0.333881, 0.1045476, -0.9367990000000002], [0.942615, -0.03607736, 0.33192699999999997], [0.0009050000000000049, -0.9938655, -0.11059300000000001]], "fy": 552.554261, "fx": 552.554261}, {"id": 76, "img_name": "0000010882", "width": 1364, "height": 274, "position": [1143.2070000000003, 3400.446000000001, 117.36419999999998], "rotation": [[0.33316100000000004, 0.10343969999999997, -0.937178], [0.9428700000000001, -0.037856879999999996, 0.331006], [-0.001238999999999998, -0.9939152999999998, -0.11014199999999999]], "fy": 552.554261, "fx": 552.554261}, {"id": 77, "img_name": "0000010883", "width": 1364, "height": 274, "position": [1142.3490000000002, 3400.7870000000003, 117.35479999999998], "rotation": [[0.332227, 0.10412130000000001, -0.9374350000000001], [0.9431960000000001, -0.03950304000000001, 0.329881], [-0.002684000000000004, -0.9937800000000001, -0.11133000000000001]], "fy": 552.554261, "fx": 552.554261}, {"id": 78, "img_name": "0000010884", "width": 1364, "height": 274, "position": [1141.4900000000005, 3401.125000000001, 117.34910000000002], "rotation": [[0.3314600000000001, 0.10486570000000002, -0.9376229999999999], [0.943466, -0.03974050000000002, 0.32908100000000007], [-0.0027519999999999953, -0.9936923000000001, -0.11210900000000001]], "fy": 552.554261, "fx": 552.554261}, {"id": 79, "img_name": "0000010885", "width": 1364, "height": 274, "position": [1140.632, 3401.4600000000005, 117.34520000000003], "rotation": [[0.330984, 0.10501500000000001, -0.9377749999999999], [0.9436370000000001, -0.03762349, 0.32883900000000005], [-0.0007489999999999942, -0.9937589000000001, -0.111548]], "fy": 552.554261, "fx": 552.554261}, {"id": 80, "img_name": "0000010886", "width": 1364, "height": 274, "position": [1139.7750000000005, 3401.793000000001, 117.33829999999999], "rotation": [[0.331243, 0.1038718, -0.93781], [0.943545, -0.03502547999999999, 0.329389], [0.0013669999999999997, -0.993974, -0.109609]], "fy": 552.554261, "fx": 552.554261}, {"id": 81, "img_name": "0000010887", "width": 1364, "height": 274, "position": [1138.9199999999998, 3402.1259999999997, 117.33209999999998], "rotation": [[0.332037, 0.1039317, -0.937523], [0.943259, -0.03260989999999999, 0.330453], [0.003771999999999998, -0.9940499, -0.10886099999999999]], "fy": 552.554261, "fx": 552.554261}, {"id": 82, "img_name": "0000010888", "width": 1364, "height": 274, "position": [1138.0619999999994, 3402.466, 117.32629999999997], "rotation": [[0.3330729999999999, 0.10447479999999999, -0.937095], [0.9428919999999998, -0.032458490000000007, 0.331515], [0.004218999999999994, -0.993998, -0.109319]], "fy": 552.554261, "fx": 552.554261}, {"id": 83, "img_name": "0000010889", "width": 1364, "height": 274, "position": [1137.207, 3402.803, 117.32299999999998], "rotation": [[0.333975, 0.10505169999999998, -0.936709], [0.9425719999999999, -0.032494669999999996, 0.33242099999999997], [0.004484, -0.9939359999999998, -0.10987]], "fy": 552.554261, "fx": 552.554261}, {"id": 84, "img_name": "0000010890", "width": 1364, "height": 274, "position": [1136.3550000000002, 3403.1430000000005, 117.32000000000001], "rotation": [[0.334947, 0.1046171, -0.9364109999999999], [0.94223, -0.03328115000000001, 0.33331000000000005], [0.0037050000000000043, -0.9939558, -0.10972]], "fy": 552.554261, "fx": 552.554261}, {"id": 85, "img_name": "0000010891", "width": 1364, "height": 274, "position": [1135.506, 3403.483, 117.31479999999999], "rotation": [[0.335672, 0.1039835, -0.936222], [0.9419749999999999, -0.03395558, 0.333963], [0.002937000000000004, -0.9939994999999999, -0.10934699999999999]], "fy": 552.554261, "fx": 552.554261}, {"id": 86, "img_name": "0000010892", "width": 1364, "height": 274, "position": [1134.6610000000003, 3403.8200000000006, 117.31059999999997], "rotation": [[0.33637999999999996, 0.10351280000000002, -0.93602], [0.9417209999999999, -0.03359200999999999, 0.33471399999999996], [0.003204999999999996, -0.9940609, -0.10877900000000001]], "fy": 552.554261, "fx": 552.554261}, {"id": 87, "img_name": "0000010893", "width": 1364, "height": 274, "position": [1133.816, 3404.159, 117.3075], "rotation": [[0.33726200000000006, 0.10323610000000004, -0.9357330000000001], [0.9414070000000001, -0.03404356000000001, 0.335551], [0.002785999999999995, -0.9940743000000002, -0.10866800000000001]], "fy": 552.554261, "fx": 552.554261}, {"id": 88, "img_name": "0000010894", "width": 1364, "height": 274, "position": [1132.975, 3404.497, 117.3051], "rotation": [[0.337745, 0.10371410000000002, -0.9355060000000001], [0.9412300000000001, -0.03315176000000001, 0.33613600000000005], [0.003848999999999996, -0.9940546999999998, -0.10881500000000001]], "fy": 552.554261, "fx": 552.554261}, {"id": 89, "img_name": "0000010895", "width": 1364, "height": 274, "position": [1132.135, 3404.835, 117.302], "rotation": [[0.33817300000000006, 0.1043479, -0.9352809999999999], [0.941076, -0.03326815000000001, 0.336557], [0.004003999999999998, -0.9939844999999999, -0.10944899999999999]], "fy": 552.554261, "fx": 552.554261}, {"id": 90, "img_name": "0000010896", "width": 1364, "height": 274, "position": [1131.2989999999995, 3405.172999999999, 117.29860000000001], "rotation": [[0.33822800000000003, 0.10400560000000002, -0.9352990000000001], [0.9410589999999999, -0.03388160999999998, 0.33654299999999987], [0.003313, -0.9939997000000002, -0.109334]], "fy": 552.554261, "fx": 552.554261}, {"id": 91, "img_name": "0000010897", "width": 1364, "height": 274, "position": [1130.4689999999998, 3405.5089999999996, 117.29599999999998], "rotation": [[0.33811199999999997, 0.1026095, -0.9354949999999999], [0.9411050000000002, -0.0350582, 0.3362939999999999], [0.001709999999999995, -0.9941039999999999, -0.10841899999999997]], "fy": 552.554261, "fx": 552.554261}, {"id": 92, "img_name": "0000010898", "width": 1364, "height": 274, "position": [1129.6430000000003, 3405.8410000000003, 117.29260000000001], "rotation": [[0.3376290000000002, 0.102233, -0.935711], [0.9412800000000001, -0.03601749, 0.335703], [0.0006180000000000078, -0.9941085, -0.10839]], "fy": 552.554261, "fx": 552.554261}, {"id": 93, "img_name": "0000010899", "width": 1364, "height": 274, "position": [1128.8189999999997, 3406.175, 117.28980000000001], "rotation": [[0.33690300000000006, 0.10244329999999999, -0.935949], [0.9415390000000001, -0.03781677, 0.33477600000000013], [-0.0010989999999999962, -0.99402, -0.109194]], "fy": 552.554261, "fx": 552.554261}, {"id": 94, "img_name": "0000010900", "width": 1364, "height": 274, "position": [1127.9990000000003, 3406.505000000001, 117.28569999999996], "rotation": [[0.33613, 0.10337469999999999, -0.9361250000000002], [0.9418130000000001, -0.03928853, 0.333834], [-0.002269000000000004, -0.9938664999999999, -0.11056499999999998]], "fy": 552.554261, "fx": 552.554261}, {"id": 95, "img_name": "0000010901", "width": 1364, "height": 274, "position": [1127.1870000000001, 3406.8310000000006, 117.2839], "rotation": [[0.33561599999999997, 0.10382500000000001, -0.9362599999999999], [0.9419919999999999, -0.04109215000000001, 0.333113], [-0.003887000000000003, -0.9937465999999999, -0.111593]], "fy": 552.554261, "fx": 552.554261}, {"id": 96, "img_name": "0000010902", "width": 1364, "height": 274, "position": [1126.385, 3407.1520000000005, 117.28020000000002], "rotation": [[0.33507700000000007, 0.10363699999999999, -0.936473], [0.9421800000000001, -0.04172832000000001, 0.3325010000000001], [-0.004617999999999999, -0.9937397000000001, -0.11162600000000002]], "fy": 552.554261, "fx": 552.554261}, {"id": 97, "img_name": "0000010903", "width": 1364, "height": 274, "position": [1125.5979999999995, 3407.464, 117.27539999999993], "rotation": [[0.33445, 0.1042393, -0.936631], [0.942403, -0.04175164999999999, 0.33186399999999994], [-0.00451200000000001, -0.9936757000000002, -0.112198]], "fy": 552.554261, "fx": 552.554261}, {"id": 98, "img_name": "0000010904", "width": 1364, "height": 274, "position": [1124.8299999999997, 3407.765, 117.27209999999998], "rotation": [[0.333911, 0.1043669, -0.9368089999999999], [0.9425970000000001, -0.041211920000000006, 0.331382], [-0.004022000000000003, -0.9936849000000001, -0.11213600000000001]], "fy": 552.554261, "fx": 552.554261}, {"id": 99, "img_name": "0000010905", "width": 1364, "height": 274, "position": [1124.0840000000005, 3408.0600000000004, 117.2695], "rotation": [[0.33357100000000006, 0.1049788, -0.936861], [0.942718, -0.041004940000000004, 0.331062], [-0.0036610000000000032, -0.9936290000000001, -0.112643]], "fy": 552.554261, "fx": 552.554261}, {"id": 100, "img_name": "0000010906", "width": 1364, "height": 274, "position": [1123.3600000000001, 3408.3490000000006, 117.26659999999998], "rotation": [[0.333436, 0.1054179, -0.93686], [0.94276, -0.042628370000000006, 0.33073800000000003], [-0.005071000000000006, -0.9935141000000001, -0.11359699999999999]], "fy": 552.554261, "fx": 552.554261}, {"id": 101, "img_name": "0000010907", "width": 1364, "height": 274, "position": [1122.66, 3408.629, 117.26539999999999], "rotation": [[0.333224, 0.10631990000000001, -0.936834], [0.942834, -0.04301166000000001, 0.33047699999999997], [-0.005158000000000005, -0.9934015, -0.11457399999999998]], "fy": 552.554261, "fx": 552.554261}, {"id": 102, "img_name": "0000010908", "width": 1364, "height": 274, "position": [1121.9810000000002, 3408.896000000001, 117.26520000000001], "rotation": [[0.3335150000000002, 0.10706839999999998, -0.9366449999999998], [0.9427380000000001, -0.04180417000000001, 0.33090600000000003], [-0.0037259999999999997, -0.9933726999999999, -0.11487899999999998]], "fy": 552.554261, "fx": 552.554261}, {"id": 103, "img_name": "0000010909", "width": 1364, "height": 274, "position": [1121.328, 3409.1509999999994, 117.26640000000003], "rotation": [[0.33429300000000006, 0.10555570000000002, -0.9365390000000002], [0.942468, -0.039270160000000005, 0.3319829999999999], [-0.0017349999999999952, -0.9936379, -0.11261000000000002]], "fy": 552.554261, "fx": 552.554261}, {"id": 104, "img_name": "0000010910", "width": 1364, "height": 274, "position": [1120.7, 3409.401, 117.26489999999997], "rotation": [[0.33570600000000006, 0.1047414, -0.9361250000000001], [0.941967, -0.037979559999999996, 0.333552], [-0.0006170000000000052, -0.9937741999999999, -0.11141199999999998]], "fy": 552.554261, "fx": 552.554261}, {"id": 105, "img_name": "0000010911", "width": 1364, "height": 274, "position": [1120.095, 3409.6439999999993, 117.26260000000002], "rotation": [[0.33712499999999995, 0.10426940000000001, -0.935668], [0.94146, -0.03781801, 0.334998], [-0.0004550000000000041, -0.99383, -0.110914]], "fy": 552.554261, "fx": 552.554261}, {"id": 106, "img_name": "0000010912", "width": 1364, "height": 274, "position": [1119.5169999999998, 3409.8809999999994, 117.2635], "rotation": [[0.33857699999999996, 0.10395670000000001, -0.935178], [0.940937, -0.03954353, 0.336266], [-0.002022999999999998, -0.9937956000000001, -0.111204]], "fy": 552.554261, "fx": 552.554261}, {"id": 107, "img_name": "0000010913", "width": 1364, "height": 274, "position": [1118.965, 3410.108, 117.26610000000001], "rotation": [[0.3399150000000001, 0.1049015, -0.934587], [0.940453, -0.04074011000000001, 0.337476], [-0.002672999999999995, -0.9936479999999999, -0.11250199999999999]], "fy": 552.554261, "fx": 552.554261}, {"id": 108, "img_name": "0000010914", "width": 1364, "height": 274, "position": [1118.4380000000003, 3410.324, 117.26500000000004], "rotation": [[0.341502, 0.10636870000000001, -0.933842], [0.9398800000000002, -0.04044050999999999, 0.339104], [-0.0016949999999999877, -0.9935043000000001, -0.11378300000000001]], "fy": 552.554261, "fx": 552.554261}, {"id": 109, "img_name": "0000010915", "width": 1364, "height": 274, "position": [1117.9360000000001, 3410.5240000000003, 117.2646], "rotation": [[0.34329499999999996, 0.1071727, -0.933093], [0.9392279999999998, -0.03799592999999999, 0.341187], [0.0011130000000000029, -0.9935143999999999, -0.113703]], "fy": 552.554261, "fx": 552.554261}, {"id": 110, "img_name": "0000010916", "width": 1364, "height": 274, "position": [1117.461, 3410.721, 117.2641], "rotation": [[0.345167, 0.1072291, -0.9323949999999999], [0.93854, -0.037602879999999984, 0.34311699999999995], [0.0017320000000000011, -0.9935232, -0.113617]], "fy": 552.554261, "fx": 552.554261}, {"id": 111, "img_name": "0000010917", "width": 1364, "height": 274, "position": [1117.0069999999998, 3410.909, 117.25820000000002], "rotation": [[0.34659199999999996, 0.10997179999999998, -0.931547], [0.938016, -0.03923715000000001, 0.34436600000000006], [0.001320000000000001, -0.9931602000000002, -0.11675400000000002]], "fy": 552.554261, "fx": 552.554261}, {"id": 112, "img_name": "0000010918", "width": 1364, "height": 274, "position": [1116.5820000000006, 3411.0910000000003, 117.2594], "rotation": [[0.3480480000000001, 0.10935000000000003, -0.931077], [0.937477, -0.040904979999999994, 0.345636], [-0.00029000000000000206, -0.9931615000000001, -0.11674900000000003]], "fy": 552.554261, "fx": 552.554261}, {"id": 113, "img_name": "0000010919", "width": 1364, "height": 274, "position": [1116.184, 3411.263, 117.26279999999998], "rotation": [[0.34968299999999997, 0.1066194, -0.9307809999999999], [0.9368669999999999, -0.04169022, 0.34719300000000003], [-0.0017870000000000036, -0.9934257, -0.114466]], "fy": 552.554261, "fx": 552.554261}, {"id": 114, "img_name": "0000010920", "width": 1364, "height": 274, "position": [1115.7999999999995, 3411.428999999999, 117.26580000000004], "rotation": [[0.35105899999999995, 0.10186049999999999, -0.930796], [0.9363499999999999, -0.04117108, 0.34864799999999996], [-0.002807999999999997, -0.9939466, -0.10983000000000001]], "fy": 552.554261, "fx": 552.554261}, {"id": 115, "img_name": "0000010921", "width": 1364, "height": 274, "position": [1115.419, 3411.5909999999994, 117.27], "rotation": [[0.35197899999999993, 0.09720384000000003, -0.93094