[{"id": 0, "img_name": 6054, "width": 1408, "height": 376, "position": [1109.652, 3413.0010000000007, 117.29309999999997], "rotation": [[-0.9443149999999999, 0.03419311, -0.327264], [0.32904400000000006, 0.1007372, -0.9389260000000001], [0.0008630000000000048, -0.9943255999999999, -0.106378]], "fy": 552.554261, "fx": 552.554261}, {"id": 1, "img_name": 6055, "width": 1408, "height": 376, "position": [1109.503, 3412.5860000000002, 117.29569999999998], "rotation": [[-0.944886, 0.030486300000000004, -0.32597800000000005], [0.3273650000000001, 0.10271280000000003, -0.9392990000000001], [0.004847000000000006, -0.9942439999999999, -0.107031]], "fy": 552.554261, "fx": 552.554261}, {"id": 2, "img_name": 6056, "width": 1408, "height": 376, "position": [1109.345, 3412.157, 117.29149999999997], "rotation": [[-0.945504, 0.02934105999999999, -0.3242889999999999], [0.32556099999999993, 0.10310159999999997, -0.939883], [0.005857999999999996, -0.9942382, -0.10703399999999998]], "fy": 552.554261, "fx": 552.554261}, {"id": 3, "img_name": 6057, "width": 1408, "height": 376, "position": [1109.1780000000003, 3411.716, 117.28300000000004], "rotation": [[-0.946134, 0.02850017000000001, -0.32251900000000006], [0.32372400000000007, 0.1010566, -0.940739], [0.005781999999999995, -0.9944725999999999, -0.104839]], "fy": 552.554261, "fx": 552.554261}, {"id": 4, "img_name": 6058, "width": 1408, "height": 376, "position": [1109.0, 3411.258, 117.2737999999999], "rotation": [[-0.946479, 0.029604739999999997, -0.321406], [0.32274300000000006, 0.09887204, -0.9413079999999999], [0.003910999999999999, -0.9946599000000002, -0.103134]], "fy": 552.554261, "fx": 552.554261}, {"id": 5, "img_name": 6059, "width": 1408, "height": 376, "position": [1108.8130000000003, 3410.779, 117.26829999999993], "rotation": [[-0.946169, 0.03067225, -0.322219], [0.323663, 0.09852655000000002, -0.941028], [0.002884000000000001, -0.9946618, -0.103149]], "fy": 552.554261, "fx": 552.554261}, {"id": 6, "img_name": 6060, "width": 1408, "height": 376, "position": [1108.6180000000004, 3410.2820000000006, 117.26910000000001], "rotation": [[-0.9454530000000001, 0.032224080000000016, -0.3241630000000001], [0.325754, 0.09996205999999998, -0.9401550000000001], [0.0021089999999999976, -0.9944694999999998, -0.10500599999999999]], "fy": 552.554261, "fx": 552.554261}, {"id": 7, "img_name": 6061, "width": 1408, "height": 376, "position": [1108.4179999999997, 3409.7699999999995, 117.26639999999998], "rotation": [[-0.944761, 0.031961199999999995, -0.3262], [0.327751, 0.10005460000000001, -0.9394510000000001], [0.0026120000000000084, -0.9944686999999999, -0.10500199999999998]], "fy": 552.554261, "fx": 552.554261}, {"id": 8, "img_name": 6062, "width": 1408, "height": 376, "position": [1108.2099999999998, 3409.251, 117.2654], "rotation": [[-0.9439289999999999, 0.03153059, -0.32864099999999996], [0.330146, 0.09517934, -0.9391190000000001], [0.0016690000000000075, -0.9949609000000003, -0.100251]], "fy": 552.554261, "fx": 552.554261}, {"id": 9, "img_name": 6063, "width": 1408, "height": 376, "position": [1107.999, 3408.72, 117.27169999999994], "rotation": [[-0.9431100000000001, 0.028905979999999998, -0.331224], [0.33248000000000005, 0.08608825999999999, -0.9391729999999999], [0.0013669999999999995, -0.9958682999999999, -0.09080099999999999]], "fy": 552.554261, "fx": 552.554261}, {"id": 10, "img_name": 6064, "width": 1408, "height": 376, "position": [1107.7739999999994, 3408.1690000000003, 117.27429999999991], "rotation": [[-0.942632, 0.02918202, -0.33255599999999996], [0.333833, 0.07968785, -0.9392580000000001], [-0.0009080000000000078, -0.9963928999999999, -0.08485699999999997]], "fy": 552.554261, "fx": 552.554261}, {"id": 11, "img_name": 6065, "width": 1408, "height": 376, "position": [1107.5400000000004, 3407.596000000001, 117.27300000000001], "rotation": [[-0.9424200000000001, 0.0309352, -0.33299900000000004], [0.33441400000000004, 0.07674506999999998, -0.9392960000000001], [-0.0035009999999999985, -0.9965709999999998, -0.08267]], "fy": 552.554261, "fx": 552.554261}, {"id": 12, "img_name": 6066, "width": 1408, "height": 376, "position": [1107.2980000000002, 3406.999, 117.26660000000005], "rotation": [[-0.942153, 0.033398520000000015, -0.33351600000000003], [0.335149, 0.07950571000000002, -0.9388039999999999], [-0.004838000000000013, -0.996275, -0.08609900000000001]], "fy": 552.554261, "fx": 552.554261}, {"id": 13, "img_name": 6067, "width": 1408, "height": 376, "position": [1107.0489999999998, 3406.3769999999995, 117.27270000000004], "rotation": [[-0.9417779999999998, 0.03587972999999999, -0.3343159999999999], [0.33620199999999995, 0.08633612999999998, -0.9378239999999999], [-0.004784999999999994, -0.9956199999999998, -0.093372]], "fy": 552.554261, "fx": 552.554261}, {"id": 14, "img_name": 6068, "width": 1408, "height": 376, "position": [1106.793, 3405.74, 117.27309999999996], "rotation": [[-0.9415790000000002, 0.038444679999999995, -0.334592], [0.33675900000000003, 0.09315136000000002, -0.9369720000000001], [-0.004854000000000014, -0.9949097, -0.100655]], "fy": 552.554261, "fx": 552.554261}, {"id": 15, "img_name": 6069, "width": 1408, "height": 376, "position": [1106.536, 3405.091, 117.27160000000012], "rotation": [[-0.941522, 0.038075569999999996, -0.33479499999999995], [0.33692799999999995, 0.09427738, -0.9367980000000001], [-0.004104999999999996, -0.9948178, -0.10159200000000003]], "fy": 552.554261, "fx": 552.554261}, {"id": 16, "img_name": 6070, "width": 1408, "height": 376, "position": [1106.2740000000001, 3404.4320000000002, 117.27180000000007], "rotation": [[-0.941433, 0.03514912000000001, -0.33536600000000005], [0.33719300000000013, 0.09052619000000003, -0.937073], [-0.0025779999999999853, -0.9952738000000001, -0.09707600000000002]], "fy": 552.554261, "fx": 552.554261}, {"id": 17, "img_name": 6071, "width": 1408, "height": 376, "position": [1106.0060000000003, 3403.7560000000003, 117.27220000000007], "rotation": [[-0.9415159999999998, 0.03085645, -0.3355540000000001], [0.33697, 0.08622679999999999, -0.9375579999999999], [4.000000000002118e-06, -0.9957977999999997, -0.091581]], "fy": 552.554261, "fx": 552.554261}, {"id": 18, "img_name": 6072, "width": 1408, "height": 376, "position": [1105.73, 3403.061, 117.27250000000001], "rotation": [[-0.941451, 0.02718476, -0.336055], [0.3371460000000001, 0.08201923999999998, -0.9378730000000002], [0.002067000000000008, -0.9962602, -0.08638100000000001]], "fy": 552.554261, "fx": 552.554261}, {"id": 19, "img_name": 6073, "width": 1408, "height": 376, "position": [1105.444, 3402.3409999999994, 117.27309999999996], "rotation": [[-0.94127, 0.025727449999999992, -0.33667600000000003], [0.33763999999999994, 0.08192589999999998, -0.937703], [0.0034579999999999954, -0.9963064999999999, -0.08579999999999999]], "fy": 552.554261, "fx": 552.554261}, {"id": 20, "img_name": 6074, "width": 1408, "height": 376, "position": [1105.15, 3401.601, 117.27590000000005], "rotation": [[-0.9411009999999999, 0.024755830000000003, -0.33721899999999994], [0.33807799999999993, 0.08576819000000001, -0.9372009999999998], [0.005722000000000005, -0.9960077000000002, -0.08908500000000003]], "fy": 552.554261, "fx": 552.554261}, {"id": 21, "img_name": 6075, "width": 1408, "height": 376, "position": [1104.8529999999996, 3400.8419999999996, 117.28030000000004], "rotation": [[-0.9408809999999999, 0.023064299999999992, -0.33795399999999987], [0.3386199999999999, 0.09052362, -0.9365580000000001], [0.008991999999999993, -0.9956274, -0.092981]], "fy": 552.554261, "fx": 552.554261}, {"id": 22, "img_name": 6076, "width": 1408, "height": 376, "position": [1104.546, 3400.0690000000004, 117.28], "rotation": [[-0.940713, 0.022682319999999992, -0.33844500000000005], [0.3390500000000001, 0.09297529, -0.936162], [0.010233000000000006, -0.9954102999999999, -0.095153]], "fy": 552.554261, "fx": 552.554261}, {"id": 23, "img_name": 6077, "width": 1408, "height": 376, "position": [1104.226, 3399.285, 117.28019999999987], "rotation": [[-0.940693, 0.023918039999999998, -0.338417], [0.33914199999999994, 0.09271363999999999, -0.936155], [0.008984999999999984, -0.9954057, -0.09532599999999995]], "fy": 552.554261, "fx": 552.554261}, {"id": 24, "img_name": 6078, "width": 1408, "height": 376, "position": [1103.9039999999998, 3398.483, 117.28279999999995], "rotation": [[-0.9405679999999998, 0.02301843999999999, -0.33882499999999993], [0.33947, 0.09191074999999999, -0.936115], [0.009594, -0.9955014, -0.09426199999999998]], "fy": 552.554261, "fx": 552.554261}, {"id": 25, "img_name": 6079, "width": 1408, "height": 376, "position": [1103.5739999999998, 3397.668, 117.28699999999996], "rotation": [[-0.939978, 0.022689659999999997, -0.340481], [0.341115, 0.08907599999999999, -0.9357909999999999], [0.009096000000000003, -0.9957665999999998, -0.091468]], "fy": 552.554261, "fx": 552.554261}, {"id": 26, "img_name": 6080, "width": 1408, "height": 376, "position": [1103.238, 3396.8419999999996, 117.28869999999989], "rotation": [[-0.939363, 0.021776009999999995, -0.34223299999999995], [0.34279399999999993, 0.08723508999999997, -0.9353509999999998], [0.009486999999999994, -0.9959500000000001, -0.08940899999999997]], "fy": 552.554261, "fx": 552.554261}, {"id": 27, "img_name": 6081, "width": 1408, "height": 376, "position": [1102.892, 3396.0020000000004, 117.29330000000002], "rotation": [[-0.9388029999999999, 0.021851110000000003, -0.343762], [0.34432599999999997, 0.08698515000000001, -0.934812], [0.009476000000000004, -0.9959702, -0.089185]], "fy": 552.554261, "fx": 552.554261}, {"id": 28, "img_name": 6082, "width": 1408, "height": 376, "position": [1102.5379999999998, 3395.147, 117.29659999999997], "rotation": [[-0.9383499999999997, 0.02437581999999999, -0.34482599999999997], [0.34559699999999993, 0.08888301, -0.9341639999999999], [0.007878999999999995, -0.9957439999999999, -0.09182699999999999]], "fy": 552.554261, "fx": 552.554261}, {"id": 29, "img_name": 6083, "width": 1408, "height": 376, "position": [1102.183, 3394.282, 117.29810000000003], "rotation": [[-0.938149, 0.025281900000000013, -0.345309], [0.34613400000000005, 0.09237004000000001, -0.9336269999999998], [0.008293000000000003, -0.9954040000000001, -0.09540700000000003]], "fy": 552.554261, "fx": 552.554261}, {"id": 30, "img_name": 6084, "width": 1408, "height": 376, "position": [1101.825, 3393.4069999999997, 117.30080000000001], "rotation": [[-0.9379920000000002, 0.02552083000000001, -0.34571800000000014], [0.346544, 0.09468519, -0.9332429999999999], [0.008917999999999992, -0.9951803, -0.097657]], "fy": 552.554261, "fx": 552.554261}, {"id": 31, "img_name": 6085, "width": 1408, "height": 376, "position": [1101.46, 3392.5289999999995, 117.30459999999995], "rotation": [[-0.9378119999999999, 0.02728355999999999, -0.34607099999999996], [0.347081, 0.09284255999999998, -0.9332279999999998], [0.006668999999999997, -0.9953071999999998, -0.09653799999999998]], "fy": 552.554261, "fx": 552.554261}, {"id": 32, "img_name": 6086, "width": 1408, "height": 376, "position": [1101.096, 3391.6370000000006, 117.30529999999996], "rotation": [[-0.9378199999999999, 0.025352310000000006, -0.3461949999999999], [0.34703699999999993, 0.09059819, -0.9334649999999999], [0.007698999999999996, -0.995565, -0.09376199999999998]], "fy": 552.554261, "fx": 552.554261}, {"id": 33, "img_name": 6087, "width": 1408, "height": 376, "position": [1100.729, 3390.7320000000004, 117.30519999999994], "rotation": [[-0.9377750000000001, 0.02398739999999999, -0.34641599999999995], [0.347117, 0.09193845999999999, -0.933304], [0.00946199999999999, -0.995476, -0.09454299999999999]], "fy": 552.554261, "fx": 552.554261}, {"id": 34, "img_name": 6088, "width": 1408, "height": 376, "position": [1100.3549999999998, 3389.821, 117.30760000000004], "rotation": [[-0.937798, 0.025728539999999994, -0.34622899999999995], [0.347073, 0.09469077999999999, -0.933045], [0.008779000000000004, -0.9951744, -0.09772999999999998]], "fy": 552.554261, "fx": 552.554261}, {"id": 35, "img_name": 6089, "width": 1408, "height": 376, "position": [1099.982, 3388.908, 117.31090000000006], "rotation": [[-0.9378999999999998, 0.024911129999999997, -0.346012], [0.3467489999999999, 0.09751789, -0.9328749999999999], [0.010503999999999994, -0.9949222, -0.100099]], "fy": 552.554261, "fx": 552.554261}, {"id": 36, "img_name": 6090, "width": 1408, "height": 376, "position": [1099.6090000000002, 3387.999, 117.31380000000004], "rotation": [[-0.937955, 0.024787250000000007, -0.34587300000000004], [0.346597, 0.09756436000000002, -0.9329260000000003], [0.010620000000000008, -0.9949207, -0.10010100000000001]], "fy": 552.554261, "fx": 552.554261}, {"id": 37, "img_name": 6091, "width": 1408, "height": 376, "position": [1099.2330000000002, 3387.0910000000003, 117.31879999999998], "rotation": [[-0.9380470000000001, 0.02417146000000001, -0.3456640000000001], [0.3463550000000001, 0.09510818, -0.93327], [0.010317000000000005, -0.9951737, -0.097587]], "fy": 552.554261, "fx": 552.554261}, {"id": 38, "img_name": 6092, "width": 1408, "height": 376, "position": [1098.862, 3386.182, 117.32340000000008], "rotation": [[-0.938076, 0.024022700000000004, -0.345598], [0.346266, 0.09588878000000002, -0.9332229999999999], [0.010721, -0.9951024000000002, -0.098268]], "fy": 552.554261, "fx": 552.554261}, {"id": 39, "img_name": 6093, "width": 1408, "height": 376, "position": [1098.4870000000003, 3385.275, 117.3317], "rotation": [[-0.9381550000000001, 0.025100420000000005, -0.34530500000000003], [0.34610100000000005, 0.09372451, -0.933504], [0.008932999999999991, -0.9952819, -0.09661499999999999]], "fy": 552.554261, "fx": 552.554261}, {"id": 40, "img_name": 6094, "width": 1408, "height": 376, "position": [1098.1089999999995, 3384.3699999999994, 117.34219999999989], "rotation": [[-0.938337, 0.027866189999999996, -0.344598], [0.34568399999999994, 0.09057927000000002, -0.933969], [0.005187999999999994, -0.9954995000000001, -0.09462599999999999]], "fy": 552.554261, "fx": 552.554261}, {"id": 41, "img_name": 6095, "width": 1408, "height": 376, "position": [1097.7310000000002, 3383.466, 117.35339999999998], "rotation": [[-0.9384500000000001, 0.02950131, -0.34415300000000004], [0.34540800000000005, 0.08670900999999998, -0.9344380000000001], [0.002274000000000008, -0.9957969999999999, -0.091561]], "fy": 552.554261, "fx": 552.554261}, {"id": 42, "img_name": 6096, "width": 1408, "height": 376, "position": [1097.352, 3382.558, 117.36299999999999], "rotation": [[-0.9385389999999999, 0.032148209999999997, -0.343674], [0.345173, 0.08554379000000001, -0.9346320000000002], [-0.0006469999999999943, -0.9958158999999999, -0.091382]], "fy": 552.554261, "fx": 552.554261}, {"id": 43, "img_name": 6097, "width": 1408, "height": 376, "position": [1096.9700000000005, 3381.642, 117.36950000000006], "rotation": [[-0.9385410000000001, 0.03518689000000001, -0.3433700000000001], [0.34515900000000005, 0.08850611999999998, -0.934361], [-0.0024869999999999966, -0.9954542000000001, -0.095211]], "fy": 552.554261, "fx": 552.554261}, {"id": 44, "img_name": 6098, "width": 1408, "height": 376, "position": [1096.5939999999998, 3380.7229999999995, 117.37390000000003], "rotation": [[-0.938571, 0.03619268, -0.34318499999999996], [0.34508399999999995, 0.09379486, -0.933873], [-0.0016099999999999977, -0.9949337, -0.10052200000000001]], "fy": 552.554261, "fx": 552.554261}, {"id": 45, "img_name": 6099, "width": 1408, "height": 376, "position": [1096.2199999999998, 3379.814, 117.38069999999993], "rotation": [[-0.9384709999999999, 0.03638272000000001, -0.3434379999999999], [0.345354, 0.09324668, -0.9338279999999999], [-0.0019500000000000066, -0.9949783000000001, -0.10007299999999998]], "fy": 552.554261, "fx": 552.554261}, {"id": 46, "img_name": 6100, "width": 1408, "height": 376, "position": [1095.8540000000005, 3378.9150000000004, 117.38659999999999], "rotation": [[-0.9384339999999999, 0.032644980000000004, -0.34391300000000014], [0.34545900000000007, 0.08853732999999998, -0.9342480000000001], [-4.899999999999305e-05, -0.9955379999999999, -0.094363]], "fy": 552.554261, "fx": 552.554261}, {"id": 47, "img_name": 6101, "width": 1408, "height": 376, "position": [1095.4820000000002, 3378.0160000000005, 117.39600000000003], "rotation": [[-0.9382720000000001, 0.03142080999999999, -0.344469], [0.34589900000000007, 0.08396244, -0.9345070000000001], [-0.000439999999999998, -0.9959735999999999, -0.08964699999999999]], "fy": 552.554261, "fx": 552.554261}, {"id": 48, "img_name": 6102, "width": 1408, "height": 376, "position": [1095.1069999999997, 3377.111, 117.4109], "rotation": [[-0.9382359999999998, 0.03209633, -0.34450499999999984], [0.34599399999999997, 0.08280025000000002, -0.9345759999999997], [-0.0014709999999999973, -0.9960494000000002, -0.08879100000000001]], "fy": 552.554261, "fx": 552.554261}, {"id": 49, "img_name": 6103, "width": 1408, "height": 376, "position": [1094.7259999999999, 3376.2039999999997, 117.42059999999996], "rotation": [[-0.9382840000000001, 0.037201130000000006, -0.34386000000000005], [0.34581600000000007, 0.08389625999999997, -0.9345440000000002], [-0.005917, -0.9957800999999998, -0.091582]], "fy": 552.554261, "fx": 552.554261}, {"id": 50, "img_name": 6104, "width": 1408, "height": 376, "position": [1094.3409999999997, 3375.2979999999993, 117.42959999999994], "rotation": [[-0.938327, 0.0411031, -0.34329899999999997], [0.345634, 0.08567906999999997, -0.9344489999999999], [-0.00899500000000001, -0.9954748, -0.09460099999999999]], "fy": 552.554261, "fx": 552.554261}, {"id": 51, "img_name": 6105, "width": 1408, "height": 376, "position": [1093.97, 3374.389, 117.43249999999992], "rotation": [[-0.938294, 0.04060132000000001, -0.343448], [0.34577300000000005, 0.09065771, -0.9339279999999999], [-0.006781999999999999, -0.9950544, -0.09910199999999998]], "fy": 552.554261, "fx": 552.554261}, {"id": 52, "img_name": 6106, "width": 1408, "height": 376, "position": [1093.6020000000003, 3373.477, 117.43220000000005], "rotation": [[-0.938175, 0.038274470000000005, -0.34404100000000004], [0.34615100000000004, 0.09512886000000001, -0.9333430000000001], [-0.0029949999999999977, -0.9947291000000001, -0.10249500000000002]], "fy": 552.554261, "fx": 552.554261}, {"id": 53, "img_name": 6107, "width": 1408, "height": 376, "position": [1093.2379999999998, 3372.565, 117.43220000000004], "rotation": [[-0.9380549999999999, 0.0338408, -0.34483199999999997], [0.34647599999999995, 0.09990237000000002, -0.932724], [0.002886000000000006, -0.9944218, -0.105438]], "fy": 552.554261, "fx": 552.554261}, {"id": 54, "img_name": 6108, "width": 1408, "height": 376, "position": [1092.8729999999998, 3371.658000000001, 117.43420000000008], "rotation": [[-0.93764, 0.02956918, -0.34634799999999993], [0.34753000000000006, 0.10092629999999998, -0.9322210000000001], [0.007391000000000006, -0.9944545999999999, -0.10490799999999997]], "fy": 552.554261, "fx": 552.554261}, {"id": 55, "img_name": 6109, "width": 1408, "height": 376, "position": [1092.5079999999998, 3370.7559999999994, 117.43189999999993], "rotation": [[-0.9374090000000003, 0.026114719999999998, -0.347252], [0.348074, 0.10029759999999999, -0.932086], [0.010488000000000003, -0.9946149, -0.103109]], "fy": 552.554261, "fx": 552.554261}, {"id": 56, "img_name": 6110, "width": 1408, "height": 376, "position": [1092.135, 3369.8540000000003, 117.43440000000005], "rotation": [[-0.937371, 0.025649730000000003, -0.34738700000000006], [0.348177, 0.09883635, -0.9322040000000003], [0.010424000000000001, -0.9947733, -0.101576]], "fy": 552.554261, "fx": 552.554261}, {"id": 57, "img_name": 6111, "width": 1408, "height": 376, "position": [1091.757, 3368.9519999999993, 117.43819999999995], "rotation": [[-0.937619, 0.027617189999999993, -0.346566], [0.347578, 0.09674359, -0.9326469999999999], [0.007770999999999995, -0.9949263, -0.100307]], "fy": 552.554261, "fx": 552.554261}, {"id": 58, "img_name": 6112, "width": 1408, "height": 376, "position": [1091.376, 3368.0509999999995, 117.44439999999994], "rotation": [[-0.9378869999999998, 0.031229959999999998, -0.3455349999999999], [0.34692899999999993, 0.09356979999999998, -0.9332119999999998], [0.0031879999999999994, -0.9951230000000001, -0.09859199999999999]], "fy": 552.554261, "fx": 552.554261}, {"id": 59, "img_name": 6113, "width": 1408, "height": 376, "position": [1090.9959999999999, 3367.1469999999995, 117.44689999999991], "rotation": [[-0.9379969999999999, 0.03438264, -0.34493499999999994], [0.3466449999999999, 0.09233717, -0.9334399999999999], [-0.00024300000000000455, -0.9951342000000003, -0.09853000000000002]], "fy": 552.554261, "fx": 552.554261}, {"id": 60, "img_name": 6114, "width": 1408, "height": 376, "position": [1090.6220000000003, 3366.2369999999996, 117.4508], "rotation": [[-0.9382200000000002, 0.03515948000000001, -0.3442490000000001], [0.346039, 0.09305667999999999, -0.9335939999999999], [-0.0007900000000000002, -0.9950400999999999, -0.099473]], "fy": 552.554261, "fx": 552.554261}, {"id": 61, "img_name": 6115, "width": 1408, "height": 376, "position": [1090.248, 3365.326, 117.45209999999997], "rotation": [[-0.938385, 0.036806000000000005, -0.34362700000000007], [0.34558900000000004, 0.09552892, -0.93351], [-0.0015319999999999926, -0.9947462, -0.102362]], "fy": 552.554261, "fx": 552.554261}, {"id": 62, "img_name": 6116, "width": 1408, "height": 376, "position": [1089.875, 3364.41, 117.44980000000002], "rotation": [[-0.9385179999999999, 0.03662415000000001, -0.343284], [0.34523199999999993, 0.09871229000000001, -0.933312], [-0.0002949999999999906, -0.9944421, -0.10528600000000002]], "fy": 552.554261, "fx": 552.554261}, {"id": 63, "img_name": 6117, "width": 1408, "height": 376, "position": [1089.503, 3363.497, 117.44659999999988], "rotation": [[-0.9382900000000002, 0.03621165000000001, -0.3439510000000001], [0.34584900000000013, 0.1017887, -0.932752], [0.0012339999999999968, -0.9941470000000001, -0.10802999999999999]], "fy": 552.554261, "fx": 552.554261}, {"id": 64, "img_name": 6118, "width": 1408, "height": 376, "position": [1089.131, 3362.59, 117.45199999999996], "rotation": [[-0.937918, 0.03531361000000001, -0.345057], [0.34685800000000006, 0.09828638, -0.9327529999999999], [0.0009760000000000051, -0.9945316000000001, -0.10443299999999998]], "fy": 552.554261, "fx": 552.554261}, {"id": 65, "img_name": 6119, "width": 1408, "height": 376, "position": [1088.759, 3361.688, 117.45330000000011], "rotation": [[-0.9377179999999999, 0.033371330000000005, -0.345793], [0.34739800000000004, 0.09311440000000001, -0.933083], [0.0010600000000000013, -0.9950962000000001, -0.09890700000000002]], "fy": 552.554261, "fx": 552.554261}, {"id": 66, "img_name": 6120, "width": 1408, "height": 376, "position": [1088.3790000000001, 3360.784, 117.45469999999995], "rotation": [[-0.9375, 0.03513805000000001, -0.34620900000000004], [0.347984, 0.08988503000000002, -0.933181], [-0.0016709999999999948, -0.9953323000000001, -0.09649400000000001]], "fy": 552.554261, "fx": 552.554261}, {"id": 67, "img_name": 6121, "width": 1408, "height": 376, "position": [1087.9959999999999, 3359.873, 117.45940000000003], "rotation": [[-0.9375879999999999, 0.03867500000000001, -0.345592], [0.3477220000000001, 0.09197131000000001, -0.9330759999999999], [-0.004301999999999993, -0.9950105, -0.099679]], "fy": 552.554261, "fx": 552.554261}, {"id": 68, "img_name": 6122, "width": 1408, "height": 376, "position": [1087.616, 3358.9609999999993, 117.45889999999987], "rotation": [[-0.937701, 0.041670489999999984, -0.34493599999999996], [0.347397, 0.09612012999999998, -0.9327789999999999], [-0.005714000000000017, -0.9944972999999999, -0.10460699999999996]], "fy": 552.554261, "fx": 552.554261}, {"id": 69, "img_name": 6123, "width": 1408, "height": 376, "position": [1087.235, 3358.05, 117.46009999999995], "rotation": [[-0.937991, 0.04350204, -0.34392000000000006], [0.3465849999999999, 0.09701124, -0.9329880000000002], [-0.0072220000000000105, -0.9943323999999998, -0.10607199999999999]], "fy": 552.554261, "fx": 552.554261}, {"id": 70, "img_name": 6124, "width": 1408, "height": 376, "position": [1086.8649999999996, 3357.139, 117.45270000000001], "rotation": [[-0.9384089999999999, 0.043007599999999986, -0.34284199999999987], [0.34549099999999994, 0.10210209999999999, -0.932851], [-0.005114999999999991, -0.9938440000000001, -0.110671]], "fy": 552.554261, "fx": 552.554261}, {"id": 71, "img_name": 6125, "width": 1408, "height": 376, "position": [1086.496, 3356.227, 117.44870000000004], "rotation": [[-0.9385890000000001, 0.04086045, -0.34261100000000005], [0.3450300000000001, 0.10389120000000003, -0.9328240000000001], [-0.0025209999999999933, -0.9937492, -0.11160800000000001]], "fy": 552.554261, "fx": 552.554261}, {"id": 72, "img_name": 6126, "width": 1408, "height": 376, "position": [1086.135, 3355.3199999999997, 117.44089999999997], "rotation": [[-0.9388649999999998, 0.03679370999999999, -0.342315], [0.3442819999999999, 0.1054996, -0.9329199999999999], [0.0017889999999999968, -0.9937387, -0.11171699999999998]], "fy": 552.554261, "fx": 552.554261}, {"id": 73, "img_name": 6127, "width": 1408, "height": 376, "position": [1085.768, 3354.4259999999995, 117.43909999999997], "rotation": [[-0.939056, 0.036496460000000015, -0.341823], [0.34376400000000007, 0.10232590000000003, -0.933464], [0.0009089999999999999, -0.9940814, -0.10863500000000001]], "fy": 552.554261, "fx": 552.554261}, {"id": 74, "img_name": 6128, "width": 1408, "height": 376, "position": [1085.405, 3353.533999999999, 117.43299999999992], "rotation": [[-0.939469, 0.03497984, -0.340846], [0.34263099999999996, 0.10128899999999999, -0.9339939999999999], [0.001852999999999994, -0.9942421, -0.10714199999999996]], "fy": 552.554261, "fx": 552.554261}, {"id": 75, "img_name": 6129, "width": 1408, "height": 376, "position": [1085.041, 3352.639, 117.42980000000006], "rotation": [[-0.939604, 0.03535261999999999, -0.340435], [0.34226400000000007, 0.10078329999999998, -0.934183], [0.001285000000000003, -0.9942803, -0.10679500000000001]], "fy": 552.554261, "fx": 552.554261}, {"id": 76, "img_name": 6130, "width": 1408, "height": 376, "position": [1084.6750000000002, 3351.7490000000003, 117.42860000000006], "rotation": [[-0.9398270000000001, 0.03814368, -0.339516], [0.34164900000000004, 0.10077579999999998, -0.9344089999999999], [-0.0014269999999999932, -0.9941779, -0.10774300000000002]], "fy": 552.554261, "fx": 552.554261}, {"id": 77, "img_name": 6131, "width": 1408, "height": 376, "position": [1084.31, 3350.858, 117.42720000000001], "rotation": [[-0.939974, 0.03887039000000001, -0.339028], [0.34124199999999993, 0.10080210000000002, -0.9345550000000001], [-0.002151999999999992, -0.9941470999999998, -0.108015]], "fy": 552.554261, "fx": 552.554261}, {"id": 78, "img_name": 6132, "width": 1408, "height": 376, "position": [1083.951, 3349.9679999999994, 117.42389999999993], "rotation": [[-0.939877, 0.037804849999999994, -0.339415], [0.3415119999999999, 0.10104349999999998, -0.93443], [-0.0010300000000000086, -0.9941637, -0.10787899999999997]], "fy": 552.554261, "fx": 552.554261}, {"id": 79, "img_name": 6133, "width": 1408, "height": 376, "position": [1083.5929999999998, 3349.074999999999, 117.41699999999997], "rotation": [[-0.939764, 0.03690614999999999, -0.33982599999999996], [0.341824, 0.10258729999999999, -0.934148], [0.0003859999999999957, -0.9940394, -0.10902199999999998]], "fy": 552.554261, "fx": 552.554261}, {"id": 80, "img_name": 6134, "width": 1408, "height": 376, "position": [1083.2329999999997, 3348.1859999999997, 117.41370000000006], "rotation": [[-0.939658, 0.03589362000000001, -0.340228], [0.34211299999999994, 0.1030104, -0.933995], [0.0015229999999999931, -0.9940327000000002, -0.10907300000000002]], "fy": 552.554261, "fx": 552.554261}, {"id": 81, "img_name": 6135, "width": 1408, "height": 376, "position": [1082.8750000000002, 3347.2960000000003, 117.40800000000003], "rotation": [[-0.939527, 0.03524147, -0.34065900000000005], [0.34246600000000005, 0.1045576, -0.9336940000000002], [0.0027139999999999994, -0.9938945, -0.110303]], "fy": 552.554261, "fx": 552.554261}, {"id": 82, "img_name": 6136, "width": 1408, "height": 376, "position": [1082.5149999999999, 3346.405, 117.40210000000005], "rotation": [[-0.939329, 0.034107559999999995, -0.34131999999999996], [0.34299500000000005, 0.10536489999999998, -0.9334089999999999], [0.004126999999999997, -0.9938487999999999, -0.11067]], "fy": 552.554261, "fx": 552.554261}, {"id": 83, "img_name": 6137, "width": 1408, "height": 376, "position": [1082.155, 3345.515, 117.39610000000006], "rotation": [[-0.9391969999999998, 0.033581650000000005, -0.34173500000000007], [0.343338, 0.10766619999999999, -0.9330200000000001], [0.005460999999999998, -0.99362, -0.11264899999999999]], "fy": 552.554261, "fx": 552.554261}, {"id": 84, "img_name": 6138, "width": 1408, "height": 376, "position": [1081.798, 3344.6290000000004, 117.3925], "rotation": [[-0.939153, 0.03249953999999999, -0.341959], [0.343439, 0.10759459999999998, -0.9329910000000001], [0.006471000000000003, -0.9936637999999998, -0.11220899999999999]], "fy": 552.554261, "fx": 552.554261}, {"id": 85, "img_name": 6139, "width": 1408, "height": 376, "position": [1081.4360000000001, 3343.7540000000004, 117.3897], "rotation": [[-0.9391160000000001, 0.03326632000000001, -0.3419880000000001], [0.3435740000000001, 0.10381710000000001, -0.9333700000000001], [0.004455000000000015, -0.9940401000000001, -0.10892500000000001]], "fy": 552.554261, "fx": 552.554261}, {"id": 86, "img_name": 6140, "width": 1408, "height": 376, "position": [1081.0729999999996, 3342.8800000000006, 117.39080000000001], "rotation": [[-0.9392319999999998, 0.03466312, -0.34153099999999986], [0.3432839999999999, 0.09803391000000002, -0.9341009999999998], [0.0011029999999999998, -0.9945795000000002, -0.10397500000000001]], "fy": 552.554261, "fx": 552.554261}, {"id": 87, "img_name": 6141, "width": 1408, "height": 376, "position": [1080.713, 3342.0040000000004, 117.38830000000003], "rotation": [[-0.9395229999999998, 0.03668077, -0.340518], [0.34248500000000004, 0.09646764000000001, -0.934557], [-0.0014309999999999952, -0.9946602000000001, -0.10319500000000002]], "fy": 552.554261, "fx": 552.554261}, {"id": 88, "img_name": 6142, "width": 1408, "height": 376, "position": [1080.3510000000003, 3341.121000000001, 117.38790000000003], "rotation": [[-0.9398589999999999, 0.039906010000000006, -0.33922500000000005], [0.34154099999999993, 0.09835681000000002, -0.9347060000000001], [-0.003934999999999995, -0.9943509999999999, -0.10607]], "fy": 552.554261, "fx": 552.554261}, {"id": 89, "img_name": 6143, "width": 1408, "height": 376, "position": [1079.9890000000005, 3340.238, 117.38529999999997], "rotation": [[-0.9401420000000001, 0.04328886000000001, -0.33802200000000004], [0.34071600000000013, 0.09967570999999999, -0.934867], [-0.006775999999999995, -0.9940780999999999, -0.108458]], "fy": 552.554261, "fx": 552.554261}, {"id": 90, "img_name": 6144, "width": 1408, "height": 376, "position": [1079.633, 3339.363, 117.38379999999987], "rotation": [[-0.9404939999999999, 0.04365312999999999, -0.336997], [0.33972899999999995, 0.09878071999999999, -0.9353209999999997], [-0.007541000000000006, -0.9941515, -0.10773199999999997]], "fy": 552.554261, "fx": 552.554261}, {"id": 91, "img_name": 6145, "width": 1408, "height": 376, "position": [1079.282, 3338.485, 117.38220000000003], "rotation": [[-0.94059, 0.04237833, -0.33689100000000005], [0.3394670000000001, 0.09591187000000001, -0.935715], [-0.007341999999999999, -0.9944875000000001, -0.104599]], "fy": 552.554261, "fx": 552.554261}, {"id": 92, "img_name": 6146, "width": 1408, "height": 376, "position": [1078.9289999999999, 3337.6059999999993, 117.37969999999999], "rotation": [[-0.9406309999999999, 0.041324639999999996, -0.33690699999999996], [0.33936399999999994, 0.09459399, -0.9358869999999999], [-0.006806000000000005, -0.9946581, -0.103001]], "fy": 552.554261, "fx": 552.554261}, {"id": 93, "img_name": 6147, "width": 1408, "height": 376, "position": [1078.5760000000002, 3336.723, 117.3792], "rotation": [[-0.940689, 0.03973692999999999, -0.33693600000000007], [0.3392339999999999, 0.09539697999999998, -0.935852], [-0.005045000000000001, -0.9946460999999998, -0.103218]], "fy": 552.554261, "fx": 552.554261}, {"id": 94, "img_name": 6148, "width": 1408, "height": 376, "position": [1078.2230000000002, 3335.838, 117.37680000000005], "rotation": [[-0.9408270000000001, 0.03864885000000001, -0.33667700000000006], [0.338874, 0.09816569000000001, -0.9356959999999998], [-0.0031130000000000047, -0.9944195000000001, -0.105453]], "fy": 552.554261, "fx": 552.554261}, {"id": 95, "img_name": 6149, "width": 1408, "height": 376, "position": [1077.866, 3334.9509999999996, 117.37289999999994], "rotation": [[-0.940827, 0.04000789, -0.33651800000000004], [0.33887, 0.1011162, -0.935383], [-0.0033949999999999987, -0.9940701, -0.10869]], "fy": 552.554261, "fx": 552.554261}, {"id": 96, "img_name": 6150, "width": 1408, "height": 376, "position": [1077.5109999999993, 3334.0659999999993, 117.36690000000004], "rotation": [[-0.940737, 0.04030348999999999, -0.33673399999999987], [0.33912499999999995, 0.1030979, -0.9350749999999999], [-0.002969999999999999, -0.9938546, -0.110655]], "fy": 552.554261, "fx": 552.554261}, {"id": 97, "img_name": 6151, "width": 1408, "height": 376, "position": [1077.1599999999999, 3333.183, 117.36230000000002], "rotation": [[-0.9404839999999999, 0.038210689999999985, -0.33768399999999993], [0.339838, 0.10396779999999999, -0.934719], [-0.0006080000000000031, -0.9938465999999999, -0.11076499999999999]], "fy": 552.554261, "fx": 552.554261}, {"id": 98, "img_name": 6152, "width": 1408, "height": 376, "position": [1076.8049999999998, 3332.305, 117.35779999999997], "rotation": [[-0.940024, 0.03692107, -0.33910699999999994], [0.34111099999999994, 0.1018448, -0.93449], [3.3999999999999525e-05, -0.9941151, -0.10832999999999998]], "fy": 552.554261, "fx": 552.554261}, {"id": 99, "img_name": 6153, "width": 1408, "height": 376, "position": [1076.4470000000001, 3331.427, 117.35199999999999], "rotation": [[-0.9396060000000002, 0.037565970000000004, -0.340191], [0.34225799999999995, 0.10094020000000001, -0.934168], [-0.0007539999999999995, -0.9941832000000003, -0.10770100000000003]], "fy": 552.554261, "fx": 552.554261}, {"id": 100, "img_name": 6154, "width": 1408, "height": 376, "position": [1076.08, 3330.5479999999993, 117.34669999999993], "rotation": [[-0.939146, 0.04097917, -0.341065], [0.34349499999999994, 0.10049999999999999, -0.9337609999999998], [-0.003987000000000004, -0.9940929999999999, -0.10845999999999997]], "fy": 552.554261, "fx": 552.554261}, {"id": 101, "img_name": 6155, "width": 1408, "height": 376, "position": [1075.7169999999996, 3329.666, 117.342], "rotation": [[-0.938814, 0.04234665999999999, -0.3418129999999999], [0.3443939999999999, 0.1019364, -0.933274], [-0.00467799999999999, -0.9938893999999999, -0.11028199999999999]], "fy": 552.554261, "fx": 552.554261}, {"id": 102, "img_name": 6156, "width": 1408, "height": 376, "position": [1075.354, 3328.787, 117.3405999999999], "rotation": [[-0.9384540000000001, 0.0421913, -0.34281899999999993], [0.3453669999999999, 0.09971456, -0.933155], [-0.005187000000000005, -0.9941213999999999, -0.10814799999999998]], "fy": 552.554261, "fx": 552.554261}, {"id": 103, "img_name": 6157, "width": 1408, "height": 376, "position": [1074.9919999999997, 3327.9109999999996, 117.3371], "rotation": [[-0.9382899999999998, 0.04186572, -0.343308], [0.345808, 0.09780519999999998, -0.933194], [-0.005491000000000004, -0.9943248000000001, -0.10624599999999998]], "fy": 552.554261, "fx": 552.554261}, {"id": 104, "img_name": 6158, "width": 1408, "height": 376, "position": [1074.6290000000006, 3327.0320000000006, 117.33560000000004], "rotation": [[-0.9382660000000002, 0.040240210000000005, -0.3435680000000001], [0.3458850000000001, 0.09580435, -0.9333730000000001], [-0.004644, -0.9945866999999999, -0.103808]], "fy": 552.554261, "fx": 552.554261}, {"id": 105, "img_name": 6159, "width": 1408, "height": 376, "position": [1074.266, 3326.148000000001, 117.33230000000003], "rotation": [[-0.9381179999999999, 0.03941733000000001, -0.34406600000000004], [0.34630099999999997, 0.09754277, -0.933038], [-0.0032159999999999975, -0.9944507, -0.10515600000000001]], "fy": 552.554261, "fx": 552.554261}, {"id": 106, "img_name": 6160, "width": 1408, "height": 376, "position": [1073.902, 3325.2629999999995, 117.33009999999999], "rotation": [[-0.938023, 0.039402490000000005, -0.344327], [0.34656199999999987, 0.09857266, -0.9328330000000001], [-0.00281400000000001, -0.9943497, -0.106118]], "fy": 552.554261, "fx": 552.554261}, {"id": 107, "img_name": 6161, "width": 1408, "height": 376, "position": [1073.5359999999998, 3324.3789999999995, 117.32869999999991], "rotation": [[-0.938021, 0.04087944000000001, -0.34416099999999994], [0.3465559999999999, 0.09901479, -0.9327879999999998], [-0.00405500000000001, -0.9942461, -0.10704399999999999]], "fy": 552.554261, "fx": 552.554261}, {"id": 108, "img_name": 6162, "width": 1408, "height": 376, "position": [1073.171, 3323.4980000000005, 117.32799999999999], "rotation": [[-0.938046, 0.0407824, -0.344104], [0.34648100000000004, 0.09696243, -0.9330320000000001], [-0.004686000000000002, -0.9944523999999999, -0.105085]], "fy": 552.554261, "fx": 552.554261}, {"id": 109, "img_name": 6163, "width": 1408, "height": 376, "position": [1072.809, 3322.617, 117.32740000000004], "rotation": [[-0.9380580000000001, 0.04015141, -0.344146], [0.346453, 0.09621316, -0.9331199999999998], [-0.004353999999999999, -0.9945507999999998, -0.104163]], "fy": 552.554261, "fx": 552.554261}, {"id": 110, "img_name": 6164, "width": 1408, "height": 376, "position": [1072.4440000000002, 3321.735, 117.32640000000009], "rotation": [[-0.9381320000000001, 0.04120248, -0.34381900000000004], [0.3462260000000001, 0.09426884, -0.933403], [-0.006046999999999997, -0.9946940000000001, -0.10270100000000001]], "fy": 552.554261, "fx": 552.554261}, {"id": 111, "img_name": 6165, "width": 1408, "height": 376, "position": [1072.0759999999998, 3320.853, 117.32920000000007], "rotation": [[-0.938142, 0.04194290999999999, -0.343703], [0.34617500000000007, 0.09250592, -0.9335980000000001], [-0.007362999999999997, -0.9948286000000002, -0.10130200000000002]], "fy": 552.554261, "fx": 552.554261}, {"id": 112, "img_name": 6166, "width": 1408, "height": 376, "position": [1071.7140000000004, 3319.9690000000005, 117.32970000000006], "rotation": [[-0.9379720000000001, 0.040382310000000005, -0.3443530000000001], [0.34666100000000005, 0.09202011, -0.9334660000000001], [-0.00600799999999999, -0.9949381999999998, -0.10031000000000001]], "fy": 552.554261, "fx": 552.554261}, {"id": 113, "img_name": 6167, "width": 1408, "height": 376, "position": [1071.3510000000003, 3319.08, 117.3259], "rotation": [[-0.9378190000000001, 0.03951657000000001, -0.34486900000000004], [0.3471020000000001, 0.09519269000000001, -0.9329830000000001], [-0.004038999999999992, -0.9946744, -0.10298900000000001]], "fy": 552.554261, "fx": 552.554261}, {"id": 114, "img_name": 6168, "width": 1408, "height": 376, "position": [1070.982, 3318.191, 117.32720000000005], "rotation": [[-0.9376639999999999, 0.040718550000000006, -0.345152], [0.347518, 0.09740151000000001, -0.9325999999999999], [-0.0043560000000000005, -0.9944121000000001, -0.10547900000000002]], "fy": 552.554261, "fx": 552.554261}, {"id": 115, "img_name": 6169, "width": 1408, "height": 376, "position": [1070.615, 3317.301, 117.32340000000003], "rotation": [[-0.937304, 0.041221249999999994, -0.3460669999999999], [0.34849299999999994, 0.10022029999999998, -0.931938], [-0.003732000000000009, -0.9941112, -0.108301]], "fy": 552.554261, "fx": 552.554261}, {"id": 116, "img_name": 6170, "width": 1408, "height": 376, "position": [1070.2439999999997, 3316.4139999999998, 117.32190000000003], "rotation": [[-0.936575, 0.04211056, -0.34792999999999996], [0.350437, 0.09899757000000001, -0.9313399999999998], [-0.004774999999999999, -0.9941965, -0.10747500000000001]], "fy": 552.554261, "fx": 5